10,370.673339595
20,135.759750921
30,128.316188946
40,84.7273995291
50,63.2704599928
60,62.2060776276
70,66.8440708403
80,55.981333702
90,56.0761198404
100,51.9175666531
110,2.86590119847
120,2.85063688543
130,2.61269534292
140,2.30435673727
150,1.80718721751
160,1.55583816206
170,1.49701826393
180,1.44519972656
190,1.56255597114
200,1.4217133194
210,1.36909955854
220,1.30687987211
230,1.22058038948
240,1.06867406091
250,0.935225214156
260,0.922572131027
270,0.807978928238
280,0.821064779361
290,0.868241273416
300,0.850076000765
310,0.804346510464
320,0.793560369391
330,0.699661108616
340,0.686846814259
350,0.68795393311
360,0.69916469672
370,0.596095877964
380,0.603072693947
390,0.625228577612
400,0.607273549571
410,0.644753579436
420,0.583186250866
430,0.547081303553
440,0.571955552148
450,0.583307681927
460,0.533906555972
470,0.560828189804
480,0.581221978913
490,0.570040681122
500,0.565238687234
510,0.568113198415
520,0.572365111461
530,0.517733238006
540,0.508397357409
550,0.509006898202
560,0.501274909225
570,0.509762555646
580,0.503837171979
590,0.501070227835
600,0.49920157139
610,0.496941480461
620,0.493303051712
630,0.49419289025
640,0.489764813764
650,0.485166527554
660,0.48435144718
670,0.471735972709
680,0.475071018125
690,0.467943092298
700,0.474054821289
710,0.465484276293
720,0.475373899872
730,0.470536978709
740,0.463691730974
750,0.465083143205
760,0.460951084831
770,0.467966828937
780,0.460880342465
790,0.462837093245
800,0.46740722877
810,0.464889903589
820,0.45514870868
830,0.455623803433
840,0.449209497894
850,0.446155874565
860,0.442121285089
870,0.436497735143
880,0.435444411618
890,0.434139763961
900,0.429214417251
910,0.423913067938
920,0.427933325486
930,0.424358137579
940,0.427917797738
950,0.436022544387
960,0.432957423949
970,0.429267205563
980,0.426902810777
990,0.426994300149
1000,0.425834071551
1010,0.429626736278
1020,0.427276173753
1030,0.429155027325
1040,0.426925048744
1050,0.42465207579
1060,0.423615094596
1070,0.421350190717
1080,0.420157880913
1090,0.421036509387
1100,0.416574528794
1110,0.417041258187
1120,0.417212801214
1130,0.41511741189
1140,0.415760696884
1150,0.421575340521
1160,0.418876232253
1170,0.418796424218
1180,0.417884846231
1190,0.415459559201
1200,0.414117092089
1210,0.412474884018
1220,0.412090372649
1230,0.410172569091
1240,0.411661530027
1250,0.411506641562
1260,0.410828801956
1270,0.40908685354
1280,0.40841971416
