10,5.83534086331
20,4.69118017142
30,4.21013518081
40,3.86906627694
50,3.45416717781
60,3.48572208598
70,3.3751567159
80,3.45426048531
90,3.46795145725
100,3.18614896287
110,1.77327693091
120,1.78374368563
130,1.79019288331
140,1.86409864931
150,1.81709899375
160,1.7678132437
170,1.78631139987
180,1.74540874219
190,1.76222438215
200,1.748462913
210,1.72812086692
220,1.69495027079
230,1.68341537964
240,1.62747613697
250,1.63831668758
260,1.61414098471
270,1.59690391531
280,1.56809353284
290,1.60635927412
300,1.61887517035
310,1.61517933136
320,1.59567302537
330,1.58199091171
340,1.56841841907
350,1.58470738298
360,1.54781122357
370,1.57216348206
380,1.55076165205
390,1.56672355318
400,1.56070222666
410,1.55147261525
420,1.51364402402
430,1.52563668186
440,1.52933720798
450,1.49132038735
460,1.48590269755
470,1.48138381167
480,1.47011176455
490,1.46488901846
500,1.46632898624
510,1.45324889997
