10,6.06944338319
20,5.69559718948
30,5.31956952803
40,5.09270011083
50,4.74787354108
60,4.67009510145
70,4.52518320965
80,4.41530569006
90,4.45994044918
100,4.33314648993
110,4.65975800576
120,4.69351875628
130,4.64099788328
140,4.70478816533
150,4.62035505011
160,4.62511011821
170,4.45624151439
180,4.46339071591
190,4.39494277479
200,4.33211724138
210,4.43461498475
220,4.30965787984
230,4.24918411396
240,4.27754998115
250,4.28067406623
260,4.28085675415
270,4.18724361903
280,4.2728233962
290,4.20908323343
300,4.16860257856
310,4.14013172742
320,4.1246460066
330,4.13001365939
340,4.12633152055
350,4.10687027086
360,4.14323967238
370,4.075509637
380,4.10344902348
390,4.03893103472
400,4.05112823855
410,3.99012645111
420,3.97951338022
430,4.05901546482
440,4.06451757177
450,4.03222541308
460,3.91214593495
470,3.92114082377
480,3.92544705566
490,3.90886230904
500,3.92681896719
510,3.97760741978
520,3.95234874844
530,3.87349330536
540,3.86861984564
550,3.68974589488
560,3.70321981512
570,3.72174913112
580,3.68465686638
590,3.72733017783
600,3.70478655222
610,3.71285177087
620,3.65888182565
630,3.70402843338
640,3.65895496057
650,3.65312827005
660,3.64653340371
670,3.64968698756
680,3.62706820013
690,3.61666090087
700,3.62486831806
710,3.58496330076
720,3.61509737215
730,3.635937355
740,3.60688519511
750,3.50001384507
760,3.52779937798
770,3.53082352058
780,3.50129703695
790,3.48274812177
800,3.52774874771
810,3.53071635805
820,3.52102358221
830,3.50051919119
840,3.50893324143
850,3.48071900758
860,3.47689625457
870,3.47596655804
880,3.49611803869
890,3.46453940458
900,3.48528434774
910,3.49065950773
920,3.48767217354
930,3.46509942898
940,3.45021587313
950,3.42740448811
960,3.42129326056
970,3.43733760358
980,3.43878872945
990,3.41760418472
1000,3.41363162988
1010,3.4175014113
1020,3.4073192306
1030,3.39602634015
1040,3.38094891283
1050,3.36064039334
1060,3.37879990224
1070,3.38834541825
1080,3.37247743506
1090,3.36802235709
1100,3.36417752576
1110,3.38411236105
1120,3.36567384031
1130,3.36404345034
1140,3.36243222722
1150,3.33344815515
1160,3.34382701499
1170,3.33433546393
1180,3.33994710877
1190,3.3348900877
1200,3.31870957646
1210,3.34133471284
1220,3.31054826976
1230,3.33812153193
1240,3.31872820033
1250,3.31408122315
1260,3.29923475342
1270,3.30295803945
1280,3.3203326952
1290,3.30996155124
1300,3.31968266585
1310,3.28515630742
1320,3.29648472017
1330,3.30830495461
1340,3.30398187692
1350,3.2912308033
1360,3.27410834641
1370,3.28255553821
1380,3.28282762181
1390,3.28923296987
1400,3.28251722195
1410,3.28425427361
1420,3.26280061271
1430,3.26137629151
1440,3.25260894157
1450,3.26734518473
1460,3.26424450944
1470,3.25250679585
1480,3.24901844305
1490,3.2519046713
1500,3.24888971836
1510,3.23912091725
1520,3.21443446891
1530,3.22011254002
1540,3.24146354157
1550,3.24076328031
1560,3.24164316483
1570,3.22510850732
1580,3.21470019459
1590,3.21599733633
1600,3.21810927972
1610,3.21291078235
1620,3.19932794043
1630,3.20890134221
1640,3.1923235049
1650,3.18471434377
1660,3.19156734509
1670,3.21673150502
1680,3.19052860279
1690,3.20932937775
1700,3.20491200469
1710,3.19862990288
1720,3.19430170809
1730,3.19396096357
1740,3.19970871114
1750,3.19432100123
1760,3.20433968642
1770,3.18504688197
1780,3.18368652195
1790,3.19014131291
1800,3.19738960652
1810,3.18278259731
1820,3.18677841849
1830,3.17166927566
1840,3.16189841658
1850,3.16964973078
1860,3.15616992729
1870,3.15839561478
1880,3.1580675842
1890,3.15841456248
1900,3.16961690705
1910,3.16624425316
1920,3.17049227088
1930,3.15435844022
1940,3.1612757535
1950,3.17419760491
1960,3.16478696392
1970,3.16446062243
1980,3.16961860487
1990,3.14917376613
2000,3.16503020099
2010,3.16178986394
2020,3.15398458384
2030,3.15197208331
2040,3.15894703375
2050,3.15217782835
2060,3.15644000452
2070,3.14998430003
2080,3.15182459651
2090,3.15509711272
2100,3.14579442005
2110,3.14623067054
2120,3.14274468484
2130,3.15317663799
2140,3.15201961893
2150,3.15972626017
2160,3.15739029974
2170,3.15919964756
2180,3.16053105608
2190,3.14887451931
2200,3.14560549623
2210,3.15017874829
2220,3.15191799282
2230,3.14609057213
2240,3.14970937952
2250,3.15324065443
2260,3.14821713233
2270,3.14826538616
