10,19.0689714799
20,9.22878052402
30,7.86242861555
40,7.19110902151
50,7.05378852252
60,6.77022105855
70,6.41528738507
80,6.35520417424
90,6.57050642438
100,6.42290519232
110,1.82037869269
120,1.72457519814
130,1.42371292239
140,1.17047718491
150,1.07034932848
160,0.920533413669
170,0.870634940251
180,0.803437885424
190,0.733284041873
200,0.665627079138
210,0.601090991888
220,0.545039676137
230,0.51683600442
240,0.481323323924
250,0.452369228877
260,0.426697351348
270,0.40212646662
280,0.37141467452
290,0.352314181799
300,0.340866473759
310,0.321770114532
320,0.299865019439
330,0.288947792926
340,0.276717151205
350,0.268230756922
360,0.254052910301
370,0.244307201002
380,0.23504310821
390,0.223816196104
400,0.218841496081
410,0.210288744032
420,0.199842850891
430,0.197310661403
440,0.18926700367
450,0.190254118803
460,0.179551014382
470,0.1746517497
480,0.167052966102
490,0.162019949394
500,0.160468745431
510,0.152583617984
520,0.149707564096
530,0.146065338214
540,0.142888355591
550,0.188669350444
560,0.18529549794
570,0.179707657787
